1
1000
646168655
210869789
794515312
86597288
934617267
20108960
705816942
233922656
669246842
894506189
907244380
654844262
475503912
12145874
154069408
453190684
448710584
344911796
525094215
91302866
480797181
770113830
184161633
255260870
461418478
29788848
24002854
113842405
428234650
315228336
376525774
200476488
149337600
977667461
859136033
783595849
298096693
666696187
394567864
53210425
243360467
397339610
582474778
755034467
297619538
86349356
161292267
833619699
801124485
955515092
402939041
639178377
153991221
116857082
346172441
20495282
21746020
139368892
939417573
257285045
482998936
523171283
238636346
961476048
869886347
923878726
241905081
436366359
699086576
841353991
749081389
595235345
807699125
326571740
407636714
833437913
112901724
255123973
420068125
898492179
610620281
228424681
344909962
742931733
255865245
280979372
317519574
725848844
431853205
162865418
684893264
139645555
728323555
539577979
159588051
577422240
313661461
413879513
157059709
781873005
614755063
751608592
521674084
475523105
344892380
649365487
680874558
696556667
171339245
696267033
973688159
202427823
570786320
50359381
499650545
154532922
251226854
797839385
819912651
204786451
243392904
81611978
647945399
919657987
277582241
726732127
568079949
516475595
954597
640859246
370039265
216485750
888512597
252867893
93179303
159105934
524589056
366642749
326325751
648544007
568358560
966962641
921182128
333429272
301663037
404500880
205578169
54655155
641106570
564946333
572673316
782896300
588719416
292554067
398575729
177734316
117894842
169181655
864941421
756452587
744347933
958707723
955015603
260486846
453021391
817378514
674111030
371753023
6097808
25083275
964224571
169380334
520184613
730031847
490862895
437153125
507682647
595694881
979883572
131362291
913693067
791506323
450413342
487364758
393424171
706068148
884004403
207634740
737108718
814995319
656042315
645321302
759038534
179575834
138127387
280554578
869947403
350289771
181963304
847711508
381969427
69015496
867933465
655220291
317969045
644889144
466009352
623532551
738929163
412147610
33203147
570024761
810257122
263790430
738264775
931194513
709119819
128985451
694294231
578034613
610480747
494348839
78130052
310435097
825990521
761221097
717058888
193801871
299381993
67119352
768458795
606513371
387486606
294650893
678336707
855085390
54051756
479339053
70165654
225344527
379619968
716177883
838177887
727218484
296716757
522824899
806809590
929519682
28511696
933625149
632553512
901242948
437436806
267721784
206793475
671137989
729110545
879606866
809716659
977992756
10979414
161837836
530541554
250820648
420029010
541499458
48634201
741562003
266769130
552007626
541709300
212388449
987620141
997719261
786330336
136234256
267364901
856665198
117327243
155666674
342593805
49566501
48060052
660062677
646995548
787577729
607767265
850056321
596497969
542990552
303879988
757283571
838345113
928373451
451010622
792977911
609114087
79009331
730347834
432454781
74644132
886802180
319376245
233857603
920867783
610161516
565384805
894787168
745703737
661386459
57332730
382581172
919821057
632874686
322560406
981083793
483384599
128003590
298011152
812747890
382273627
287649886
324580374
72517982
577613857
11979511
525800593
705763712
30168451
187557805
347542990
93903897
123817539
716833786
962562599
644333254
231002374
125454045
282340031
833925343
619449905
803066240
185190039
403600077
87458354
281481150
830896625
62377925
470969565
766163442
666175288
849727191
861966208
155295969
753725305
452186917
253739677
45794029
933339323
536885246
157592044
792825847
562658002
605293938
692975440
408778404
829745037
473913195
527135669
988174619
591788945
251505843
817988585
401236458
618307211
105116281
15912817
592259561
772450242
240327669
658994775
144760033
663334791
306425445
261733941
113743819
980662643
569945891
58642049
521050486
693919847
676390134
460521133
424738736
394501468
513425149
533152082
186746644
854575581
160501132
785330237
711025981
592732766
997047064
812203407
27420679
443031703
787026454
612157273
17179028
472739035
521425245
535082652
19304055
566057494
553762694
132112405
676778745
839773869
366754225
714549514
500118915
843059366
254379552
341214677
157998862
156135984
54195608
484925889
61855870
813551552
479770839
938005616
83099772
471857540
182426582
32954292
281800257
373753824
467936626
520498939
159413703
407351834
493685245
116332197
859928328
473963702
705492953
946974877
260556780
332815586
924213090
361106090
60936635
398343650
802199048
543307187
103633545
710947824
945492181
185931814
933707453
730950239
40355919
518045342
107823234
202081989
598205295
564972887
850327987
339593315
153638348
886005025
805231624
477229177
539507033
520377649
288458588
212124727
437121615
177524864
949907091
630124890
579365515
263970868
420450304
961408081
993843000
738483466
609412579
919378209
407807749
679689564
241137713
632512881
804181382
560080255
527670832
81081933
169629198
906025350
971493411
21300015
164926056
606935557
490715257
314939035
493738148
815476331
142133461
642400667
548507158
379942074
19745432
40675847
569888773
697268244
265518623
910865293
970139763
200473103
197393881
441812288
781826800
551159149
921623662
391360368
521725702
461238198
219874084
560667364
131893579
836234207
691441932
983843528
791834352
12966027
300093567
191394398
329360006
306952572
91178424
672957886
29110913
315254726
467615996
548356976
566405753
352920172
573979305
944789998
796501788
875016576
378881927
158985299
190991490
11654432
44475209
687243094
878746992
906546282
289924697
530104932
699762514
859020670
201734667
332780747
521443298
247066260
90999892
201646368
354733960
371437027
646124927
428608127
664872442
104157052
846125266
294739364
541913558
204327455
616581989
163608844
993929332
511521265
635329634
896731221
986968016
759600571
527109201
695251105
399225289
528702528
183573932
467013895
40103788
503390235
808752433
619319313
949077585
993011397
741840905
675204945
564852078
707767412
762240854
245633117
523584721
706416312
476951490
272363298
607467288
516611635
338981453
764015754
821413600
152127094
451449770
835105609
904107470
771640691
310560553
369018971
954167302
879935194
31924847
69128077
616474368
347259161
983207671
175356656
922896616
183367041
465237673
900664261
964602248
786098449
584061387
816042918
255188355
148687495
825536360
355621884
338030095
861286638
462723383
404470306
154861058
825961485
248592648
350077575
418723066
521178728
653907780
665500351
186378047
557893534
585523013
935746299
306005022
251230453
423501911
269338386
642638499
522267305
735204086
139207804
50108313
669388724
273971018
907102476
978494450
679193593
728885317
84227905
189657743
818189769
709872817
434425311
673647067
749042433
232585207
550772905
70062958
230593642
315403848
488175809
960599578
250691182
565552230
234030542
645909058
797219296
660344934
327016253
876784992
371675502
979702390
788426395
31293667
456242890
301634409
39355016
170720560
622758925
103135815
374360794
29973844
91799059
214143678
560341305
417732975
185819362
202689819
651209013
952948493
715454031
241074315
276049563
460045994
175923155
676119685
733223897
801954222
689207722
390552785
888484369
311910291
988624327
632730
474606821
933244573
575501030
151585655
979180064
244642944
114495873
153356120
60924552
168930341
904812253
38390468
645740256
899936364
330711632
347608914
958488053
485863166
835056831
331715396
569417842
462871427
639038350
645839061
375203260
109937395
110177973
820477105
353340139
566758540
456633905
613414426
764229866
989595684
254945049
247807772
648925304
173089009
96074135
695564887
818074553
375001035
942421353
348364980
539073793
623843573
308503748
899531361
914881808
653183242
911985729
590560033
930987786
294682723
445726570
197083340
970752234
406288047
280979032
855957159
721937217
101334615
975509477
769767462
41601862
424778884
843657815
737441199
782519209
974591326
896252096
541540730
492954873
789952711
114865118
347278815
201507708
433691346
814068332
876827397
716506785
969425785
376121711
217085846
482889746
659531364
975047157
36415809
53329052
386631890
263176759
437559838
367339989
770135817
42333663
679435647
367385939
728388968
170949578
944698680
186792002
433582517
444165272
846915947
427700196
642351253
213010585
384890080
256381520
523522714
106227473
372079074
695414371
618451839
942576262
200424650
652009806
821904406
6765017
150929260
886802505
501571736
715698495
895717016
343097864
904012622
759960053
167450974
430131495
943591638
957700061
109301541
107249882
435237324
517782396
456341876
72246986
819517772
173529925
36091621
976116242
838763207
60194152
173786055
765348302
972340189
896511135
327317400
569648146
52476036
20729763
783801795
182860350
404722012
832537090
670958420
845879711
942506585
249253454
197397590
900825328
998025246
996764010
148963867
753877491
735131755
849800813
924392799
824974495
663283983
455279603
446399175
62566315
727092560
141019475
346798407
337618004
783065392
997102880
686713774
155819587
987790085
618440241
645059803
798919613
926670862
807944351
120651355
872105614
218164569
970297735
574275893
953937546
356365004
83090790
532117408
838964131
890271371
533160292
740092401
310278210
849856466
3166852
766302946
130941874
692779451
870886679
526885700
661234766
542996260
322824171
572186780
536321589
809589561
469114258
780071525
912637579
568396519
731670580
619016504
151959498
845823073
77766321
572492050
53533974
496010115
244975794
937058477
799033012
659116863
964836515
494271658
465736787
942678905
115549938
257556859
745957900
79290195
365346947
291076154
470883265
903755960
321131544
817791338
825310869
19325775
674848736
345260427
871232905
371707300
380188713
959560655
548074783
652834776
924224786
767576022
625992456
832433529
165237359
2779908
599506906
710996103
477021088
348267686
456964936
110419199
383513721
133396885
303739507
869101131